100
6 4000601
6 2102201
6 8238373
6 0020001
6 0002201
6 0000003
6 9999999
6 0000601
4 30001
4 00001
5 110011
6 1111111
6 2122011
6 5935253
6 0070001
3 2101
6 1205001
6 4686249
0 1
4 46099
2 301
6 0121011
2 001
4 39107
6 1201112
3 0001
1 51
6 2021111
1 01
1 55
6 0080561
4 00001
5 204001
6 1201121
6 0050001
4 11111
6 0000002
6 7028001
5 362834
6 0905001
4 01001
3 2121
6 9285855
0 1
1 41
2 051
6 1201001
6 0000001
6 0003001
3 0003
2 202
1 22
6 5125425
1 01
6 0078001
5 221011
6 0002201
2 901
6 5082951
6 2609001
1 52
6 6122907
6 0004004
6 0200004
6 0000091
6 0000001
6 3746108
6 1201201
2 701
2 001
0 5
6 0080001
6 5130001
6 8111801
0 1
6 2040041
6 0006001
6 4000201
6 9000001
6 4529457
6 3900001
6 9971571
6 0000001
0 1
6 7000001
4 11011
6 0000006
4 11231
6 8106001
6 6000001
0 1
6 5627931
1 09
6 1221201
6 1111111
6 7881822
4 76958
5 222011
6 0000001
6 0000001
